function MechatronicsFinalProject

% Receives time and velocity data obtained from running certain PID configurations to visually determine their effectiveness

data = [1.50000000000000;0.0835000000000000;2;0.0890000000000000;2.50000000000000;0.0912000000000000;3;0.0868000000000000;3.50000000000000;0.0835000000000000;4;0.0812000000000000;4.50000000000000;0.0823000000000000;5;0.0823000000000000;5.50000000000000;0.0757000000000000;6;0.0746000000000000;6.50000000000000;0.0723000000000000;7;0.0734000000000000;7.50000000000000;0.0757000000000000;8;0.0701000000000000;8.50000000000000;0.0679000000000000;9;0.0668000000000000;9.50000000000000;0.0668000000000000;10;0.0701000000000000;10.5000000000000;0.0701000000000000;11;0.0645000000000000;11.5000000000000;0.0645000000000000;12;0.0634000000000000;12.5000000000000;0.0623000000000000;13;0.0656000000000000;13.5000000000000;0.0656000000000000;14;0.0612000000000000;14.5000000000000;0.0601000000000000;15;0.0579000000000000;15.5000000000000;0.0590000000000000;16;0.0612000000000000;16.5000000000000;0.0634000000000000;17;0.0601000000000000;17.5000000000000;0.0579000000000000;18;0.0567000000000000;18.5000000000000;0.0579000000000000;19;0.0579000000000000;19.5000000000000;0.0612000000000000;20;0.0623000000000000;20.5000000000000;0.0579000000000000;21;0.0556000000000000;21.5000000000000;0.0545000000000000;22;0.0556000000000000;22.5000000000000;0.0567000000000000;23;0.0601000000000000;23.5000000000000;0.0601000000000000;24;0.0556000000000000;24.5000000000000;0.0556000000000000;25;0.0534000000000000;25.5000000000000;0.0545000000000000;26;0.0556000000000000;26.5000000000000;0.0590000000000000;27;0.0590000000000000;27.5000000000000;0.0556000000000000;28;0.0545000000000000;28.5000000000000;0.0545000000000000;29;0.0512000000000000;29.5000000000000;0.0556000000000000;30;0.0590000000000000;30.5000000000000;0.0590000000000000;31;0.0556000000000000;31.5000000000000;0.0556000000000000;32;0.0545000000000000;32.5000000000000;0.0556000000000000;33;0.0556000000000000;33.5000000000000;0.0601000000000000;34;0.0590000000000000;34.5000000000000;0.0545000000000000;35;0.0545000000000000;35.5000000000000;0.0534000000000000;36;0.0545000000000000;36.5000000000000;0.0556000000000000;37;0.0590000000000000;37.5000000000000;0.0590000000000000;38;0.0545000000000000;38.5000000000000;0.0545000000000000;39;0.0534000000000000;39.5000000000000;0.0534000000000000;40;0.0545000000000000;40.5000000000000;0.0601000000000000;41;0.0590000000000000;41.5000000000000;0.0534000000000000;42;0.0534000000000000;42.5000000000000;0.0534000000000000;43;0.0534000000000000;43.5000000000000;0.0545000000000000;44;0.0579000000000000;44.5000000000000;0.0579000000000000;45;0.0556000000000000;45.5000000000000;0.0512000000000000;46;0.0545000000000000;46.5000000000000;0.0545000000000000;47;0.0545000000000000;47.5000000000000;0.0590000000000000;48;0.0601000000000000;48.5000000000000;0.0556000000000000;49;0.0545000000000000;49.5000000000000;0.0545000000000000;50;0.0545000000000000;50.5000000000000;0.0545000000000000;51;0.0567000000000000;51.5000000000000;0.0590000000000000;52;0.0556000000000000;52.5000000000000;0.0545000000000000;53;0.0545000000000000;53.5000000000000;0.0545000000000000;54;0.0545000000000000;54.5000000000000;0.0567000000000000;55;0.0590000000000000;55.5000000000000;0.0567000000000000;56;0.0545000000000000;56.5000000000000;0.0556000000000000;57;0.0545000000000000;57.5000000000000;0.0534000000000000;58;0.0556000000000000;58.5000000000000;0.0601000000000000;59;0.0590000000000000;59.5000000000000;0.0545000000000000;60;0.0545000000000000;60.5000000000000;0.0545000000000000;61;0.0534000000000000;61.5000000000000;0.0545000000000000;62;0.0590000000000000;62.5000000000000;0.0567000000000000;63;0.0534000000000000;63.5000000000000;0.0534000000000000;64;0.0534000000000000;64.5000000000000;0.0534000000000000;65;0.0545000000000000;65.5000000000000;0.0579000000000000;66;0.0590000000000000;66.5000000000000;0.0556000000000000;67;0.0545000000000000;67.5000000000000;0.0545000000000000;68;0.0534000000000000;68.5000000000000;0.0545000000000000;69;0.0567000000000000;69.5000000000000;0.0579000000000000;70;0.0556000000000000;70.5000000000000;0.0545000000000000;71;0.0545000000000000;71.5000000000000;0.0545000000000000;72;0.0534000000000000;72.5000000000000;0.0556000000000000;73;0.0590000000000000;73.5000000000000;0.0567000000000000;74;0.0556000000000000;74.5000000000000;0.0545000000000000;75;0.0545000000000000;75.5000000000000;0.0534000000000000;76;0.0545000000000000;76.5000000000000;0.0579000000000000;77;0.0579000000000000;77.5000000000000;0.0545000000000000;78;0.0534000000000000;78.5000000000000;0.0545000000000000;79;0.0534000000000000;79.5000000000000;0.0545000000000000;80;0.0579000000000000;80.5000000000000;0.0579000000000000;81;0.0556000000000000;81.5000000000000;0.0545000000000000;82;0.0545000000000000;82.5000000000000;0.0534000000000000;83;0.0545000000000000;83.5000000000000;0.0579000000000000;84;0.0590000000000000;84.5000000000000;0.0556000000000000;85;0.0545000000000000;85.5000000000000;0.0545000000000000;86;0.0545000000000000;86.5000000000000;0.0545000000000000;87;0.0567000000000000;87.5000000000000;0.0590000000000000;88;0.0567000000000000;88.5000000000000;0.0545000000000000;89;0.0545000000000000;89.5000000000000;0.0534000000000000;90;0.0534000000000000;90.5000000000000;0.0567000000000000;91;0.0590000000000000;91.5000000000000;0.0579000000000000;92;0.0545000000000000;92.5000000000000;0.0534000000000000;93;0.0534000000000000;93.5000000000000;0.0545000000000000;94;0.0512000000000000];
